27	27	0.1	0.1	40000	42000
26	26	0.1	0.1	80000	82000
25	27	0.1	0.1	90000	92000
19	19	0.1	0.1	140000	142000
27	19	0.1	0.1	190000	192000
18	26	0.1	0.1	250000	252000
31	31	0.1	0.1	380000	382000
30	30	0.1	0.1	420000	422000
23	31	0.1	0.1	450000	452000
29	29	0.1	0.1	480000	482000
28	29	0.1	0.1	550000	552000
30	30	0.1	0.1	610000	612000
27	27	0.1	0.1	740000	742000
26	26	0.1	0.1	780000	782000
25	27	0.1	0.1	790000	792000
19	19	0.1	0.1	840000	842000
27	19	0.1	0.1	890000	892000
18	26	0.1	0.1	950000	952000
31	31	0.1	0.1	1080000	1082000
30	30	0.1	0.1	1120000	1122000
23	31	0.1	0.1	1150000	1152000
29	29	0.1	0.1	1180000	1182000
28	29	0.1	0.1	1250000	1252000
30	30	0.1	0.1	1310000	1312000
27	27	0.1	0.1	1440000	1442000
26	26	0.1	0.1	1480000	1482000
25	27	0.1	0.1	1490000	1492000
19	19	0.1	0.1	1540000	1542000
27	19	0.1	0.1	1590000	1592000
18	26	0.1	0.1	1650000	1652000
31	31	0.1	0.1	1780000	1782000
30	30	0.1	0.1	1820000	1822000
23	31	0.1	0.1	1850000	1852000
29	29	0.1	0.1	1880000	1882000
28	29	0.1	0.1	1950000	1952000
30	30	0.1	0.1	2010000	2012000
27	27	0.1	0.1	2140000	2142000
26	26	0.1	0.1	2180000	2182000
25	27	0.1	0.1	2190000	2192000
19	19	0.1	0.1	2240000	2242000
27	19	0.1	0.1	2290000	2292000
18	26	0.1	0.1	2350000	2352000
31	31	0.1	0.1	2480000	2482000
30	30	0.1	0.1	2520000	2522000
23	31	0.1	0.1	2550000	2552000
29	29	0.1	0.1	2580000	2582000
28	29	0.1	0.1	2650000	2652000
30	30	0.1	0.1	2710000	2712000
27	27	0.1	0.1	2840000	2842000
26	26	0.1	0.1	2880000	2882000
25	27	0.1	0.1	2890000	2892000
19	19	0.1	0.1	2940000	2942000
27	19	0.1	0.1	2990000	2992000
18	26	0.1	0.1	3050000	3052000
31	31	0.1	0.1	3180000	3182000
30	30	0.1	0.1	3220000	3222000
23	31	0.1	0.1	3250000	3252000
29	29	0.1	0.1	3280000	3282000
28	29	0.1	0.1	3350000	3352000
30	30	0.1	0.1	3410000	3412000
27	27	0.1	0.1	3540000	3542000
26	26	0.1	0.1	3580000	3582000
25	27	0.1	0.1	3590000	3592000
19	19	0.1	0.1	3640000	3642000
27	19	0.1	0.1	3690000	3692000
18	26	0.1	0.1	3750000	3752000
31	31	0.1	0.1	3880000	3882000
30	30	0.1	0.1	3920000	3922000
23	31	0.1	0.1	3950000	3952000
29	29	0.1	0.1	3980000	3982000
28	29	0.1	0.1	4050000	4052000
30	30	0.1	0.1	4110000	4112000
27	27	0.1	0.1	4240000	4242000
26	26	0.1	0.1	4280000	4282000
25	27	0.1	0.1	4290000	4292000
19	19	0.1	0.1	4340000	4342000
27	19	0.1	0.1	4390000	4392000
18	26	0.1	0.1	4450000	4452000
31	31	0.1	0.1	4580000	4582000
30	30	0.1	0.1	4620000	4622000
23	31	0.1	0.1	4650000	4652000
29	29	0.1	0.1	4680000	4682000
28	29	0.1	0.1	4750000	4752000
30	30	0.1	0.1	4810000	4812000
27	27	0.1	0.1	4940000	4942000
26	26	0.1	0.1	4980000	4982000
25	27	0.1	0.1	4990000	4992000
19	19	0.1	0.1	5040000	5042000
27	19	0.1	0.1	5090000	5092000
18	26	0.1	0.1	5150000	5152000
31	31	0.1	0.1	5280000	5282000
30	30	0.1	0.1	5320000	5322000
23	31	0.1	0.1	5350000	5352000
29	29	0.1	0.1	5380000	5382000
28	29	0.1	0.1	5450000	5452000
30	30	0.1	0.1	5510000	5512000
27	27	0.1	0.1	5640000	5642000
26	26	0.1	0.1	5680000	5682000
25	27	0.1	0.1	5690000	5692000
19	19	0.1	0.1	5740000	5742000
27	19	0.1	0.1	5790000	5792000
18	26	0.1	0.1	5850000	5852000
31	31	0.1	0.1	5980000	5982000
30	30	0.1	0.1	6020000	6022000
23	31	0.1	0.1	6050000	6052000
29	29	0.1	0.1	6080000	6082000
28	29	0.1	0.1	6150000	6152000
30	30	0.1	0.1	6210000	6212000
27	27	0.1	0.1	6340000	6342000
26	26	0.1	0.1	6380000	6382000
25	27	0.1	0.1	6390000	6392000
19	19	0.1	0.1	6440000	6442000
27	19	0.1	0.1	6490000	6492000
18	26	0.1	0.1	6550000	6552000
31	31	0.1	0.1	6680000	6682000
30	30	0.1	0.1	6720000	6722000
23	31	0.1	0.1	6750000	6752000
29	29	0.1	0.1	6780000	6782000
28	29	0.1	0.1	6850000	6852000
30	30	0.1	0.1	6910000	6912000
27	27	0.1	0.1	7040000	7042000
26	26	0.1	0.1	7080000	7082000
25	27	0.1	0.1	7090000	7092000
19	19	0.1	0.1	7140000	7142000
27	19	0.1	0.1	7190000	7192000
18	26	0.1	0.1	7250000	7252000
31	31	0.1	0.1	7380000	7382000
30	30	0.1	0.1	7420000	7422000
23	31	0.1	0.1	7450000	7452000
29	29	0.1	0.1	7480000	7482000
28	29	0.1	0.1	7550000	7552000
30	30	0.1	0.1	7610000	7612000
27	27	0.1	0.1	7740000	7742000
26	26	0.1	0.1	7780000	7782000
25	27	0.1	0.1	7790000	7792000
19	19	0.1	0.1	7840000	7842000
27	19	0.1	0.1	7890000	7892000
18	26	0.1	0.1	7950000	7952000
31	31	0.1	0.1	8080000	8082000
30	30	0.1	0.1	8120000	8122000
23	31	0.1	0.1	8150000	8152000
29	29	0.1	0.1	8180000	8182000
28	29	0.1	0.1	8250000	8252000
30	30	0.1	0.1	8310000	8312000
27	27	0.1	0.1	8440000	8442000
26	26	0.1	0.1	8480000	8482000
25	27	0.1	0.1	8490000	8492000
19	19	0.1	0.1	8540000	8542000
27	19	0.1	0.1	8590000	8592000
18	26	0.1	0.1	8650000	8652000
31	31	0.1	0.1	8780000	8782000
30	30	0.1	0.1	8820000	8822000
23	31	0.1	0.1	8850000	8852000
29	29	0.1	0.1	8880000	8882000
28	29	0.1	0.1	8950000	8952000
30	30	0.1	0.1	9010000	9012000
27	27	0.1	0.1	9140000	9142000
26	26	0.1	0.1	9180000	9182000
25	27	0.1	0.1	9190000	9192000
19	19	0.1	0.1	9240000	9242000
27	19	0.1	0.1	9290000	9292000
18	26	0.1	0.1	9350000	9352000
31	31	0.1	0.1	9480000	9482000
30	30	0.1	0.1	9520000	9522000
23	31	0.1	0.1	9550000	9552000
29	29	0.1	0.1	9580000	9582000
28	29	0.1	0.1	9650000	9652000
30	30	0.1	0.1	9710000	9712000
27	27	0.1	0.1	9840000	9842000
26	26	0.1	0.1	9880000	9882000
25	27	0.1	0.1	9890000	9892000
19	19	0.1	0.1	9940000	9942000
27	19	0.1	0.1	9990000	9992000
18	26	0.1	0.1	10050000	10052000
31	31	0.1	0.1	10180000	10182000
30	30	0.1	0.1	10220000	10222000
23	31	0.1	0.1	10250000	10252000
29	29	0.1	0.1	10280000	10282000
28	29	0.1	0.1	10350000	10352000
30	30	0.1	0.1	10410000	10412000
27	27	0.1	0.1	10540000	10542000
26	26	0.1	0.1	10580000	10582000
25	27	0.1	0.1	10590000	10592000
19	19	0.1	0.1	10640000	10642000
27	19	0.1	0.1	10690000	10692000
18	26	0.1	0.1	10750000	10752000
31	31	0.1	0.1	10880000	10882000
30	30	0.1	0.1	10920000	10922000
23	31	0.1	0.1	10950000	10952000
29	29	0.1	0.1	10980000	10982000
28	29	0.1	0.1	11050000	11052000
30	30	0.1	0.1	11110000	11112000
27	27	0.1	0.1	11240000	11242000
26	26	0.1	0.1	11280000	11282000
25	27	0.1	0.1	11290000	11292000
19	19	0.1	0.1	11340000	11342000
27	19	0.1	0.1	11390000	11392000
18	26	0.1	0.1	11450000	11452000
31	31	0.1	0.1	11580000	11582000
30	30	0.1	0.1	11620000	11622000
23	31	0.1	0.1	11650000	11652000
29	29	0.1	0.1	11680000	11682000
28	29	0.1	0.1	11750000	11752000
30	30	0.1	0.1	11810000	11812000
27	27	0.1	0.1	11940000	11942000
26	26	0.1	0.1	11980000	11982000
25	27	0.1	0.1	11990000	11992000
19	19	0.1	0.1	12040000	12042000
27	19	0.1	0.1	12090000	12092000
18	26	0.1	0.1	12150000	12152000
31	31	0.1	0.1	12280000	12282000
30	30	0.1	0.1	12320000	12322000
23	31	0.1	0.1	12350000	12352000
29	29	0.1	0.1	12380000	12382000
28	29	0.1	0.1	12450000	12452000
30	30	0.1	0.1	12510000	12512000
27	27	0.1	0.1	12640000	12642000
26	26	0.1	0.1	12680000	12682000
25	27	0.1	0.1	12690000	12692000
19	19	0.1	0.1	12740000	12742000
27	19	0.1	0.1	12790000	12792000
18	26	0.1	0.1	12850000	12852000
31	31	0.1	0.1	12980000	12982000
30	30	0.1	0.1	13020000	13022000
23	31	0.1	0.1	13050000	13052000
29	29	0.1	0.1	13080000	13082000
28	29	0.1	0.1	13150000	13152000
30	30	0.1	0.1	13210000	13212000
27	27	0.1	0.1	13340000	13342000
26	26	0.1	0.1	13380000	13382000
25	27	0.1	0.1	13390000	13392000
19	19	0.1	0.1	13440000	13442000
27	19	0.1	0.1	13490000	13492000
18	26	0.1	0.1	13550000	13552000
31	31	0.1	0.1	13680000	13682000
30	30	0.1	0.1	13720000	13722000
23	31	0.1	0.1	13750000	13752000
29	29	0.1	0.1	13780000	13782000
28	29	0.1	0.1	13850000	13852000
30	30	0.1	0.1	13910000	13912000
27	27	0.1	0.1	14040000	14042000
26	26	0.1	0.1	14080000	14082000
25	27	0.1	0.1	14090000	14092000
19	19	0.1	0.1	14140000	14142000
27	19	0.1	0.1	14190000	14192000
18	26	0.1	0.1	14250000	14252000
31	31	0.1	0.1	14380000	14382000
30	30	0.1	0.1	14420000	14422000
23	31	0.1	0.1	14450000	14452000
29	29	0.1	0.1	14480000	14482000
28	29	0.1	0.1	14550000	14552000
30	30	0.1	0.1	14610000	14612000
27	27	0.1	0.1	14740000	14742000
26	26	0.1	0.1	14780000	14782000
25	27	0.1	0.1	14790000	14792000
19	19	0.1	0.1	14840000	14842000
27	19	0.1	0.1	14890000	14892000
18	26	0.1	0.1	14950000	14952000
31	31	0.1	0.1	15080000	15082000
30	30	0.1	0.1	15120000	15122000
23	31	0.1	0.1	15150000	15152000
29	29	0.1	0.1	15180000	15182000
28	29	0.1	0.1	15250000	15252000
30	30	0.1	0.1	15310000	15312000
27	27	0.1	0.1	15440000	15442000
26	26	0.1	0.1	15480000	15482000
25	27	0.1	0.1	15490000	15492000
19	19	0.1	0.1	15540000	15542000
27	19	0.1	0.1	15590000	15592000
18	26	0.1	0.1	15650000	15652000
31	31	0.1	0.1	15780000	15782000
30	30	0.1	0.1	15820000	15822000
23	31	0.1	0.1	15850000	15852000
29	29	0.1	0.1	15880000	15882000
28	29	0.1	0.1	15950000	15952000
30	30	0.1	0.1	16010000	16012000
27	27	0.1	0.1	16140000	16142000
26	26	0.1	0.1	16180000	16182000
25	27	0.1	0.1	16190000	16192000
19	19	0.1	0.1	16240000	16242000
27	19	0.1	0.1	16290000	16292000
18	26	0.1	0.1	16350000	16352000
31	31	0.1	0.1	16480000	16482000
30	30	0.1	0.1	16520000	16522000
23	31	0.1	0.1	16550000	16552000
29	29	0.1	0.1	16580000	16582000
28	29	0.1	0.1	16650000	16652000
30	30	0.1	0.1	16710000	16712000
27	27	0.1	0.1	16840000	16842000
26	26	0.1	0.1	16880000	16882000
25	27	0.1	0.1	16890000	16892000
19	19	0.1	0.1	16940000	16942000
27	19	0.1	0.1	16990000	16992000
18	26	0.1	0.1	17050000	17052000
31	31	0.1	0.1	17180000	17182000
30	30	0.1	0.1	17220000	17222000
23	31	0.1	0.1	17250000	17252000
29	29	0.1	0.1	17280000	17282000
28	29	0.1	0.1	17350000	17352000
30	30	0.1	0.1	17410000	17412000
27	27	0.1	0.1	17540000	17542000
26	26	0.1	0.1	17580000	17582000
25	27	0.1	0.1	17590000	17592000
19	19	0.1	0.1	17640000	17642000
27	19	0.1	0.1	17690000	17692000
18	26	0.1	0.1	17750000	17752000
31	31	0.1	0.1	17880000	17882000
30	30	0.1	0.1	17920000	17922000
23	31	0.1	0.1	17950000	17952000
29	29	0.1	0.1	17980000	17982000
28	29	0.1	0.1	18050000	18052000
30	30	0.1	0.1	18110000	18112000
27	27	0.1	0.1	18240000	18242000
26	26	0.1	0.1	18280000	18282000
25	27	0.1	0.1	18290000	18292000
19	19	0.1	0.1	18340000	18342000
27	19	0.1	0.1	18390000	18392000
18	26	0.1	0.1	18450000	18452000
31	31	0.1	0.1	18580000	18582000
30	30	0.1	0.1	18620000	18622000
23	31	0.1	0.1	18650000	18652000
29	29	0.1	0.1	18680000	18682000
28	29	0.1	0.1	18750000	18752000
30	30	0.1	0.1	18810000	18812000
27	27	0.1	0.1	18940000	18942000
26	26	0.1	0.1	18980000	18982000
25	27	0.1	0.1	18990000	18992000
19	19	0.1	0.1	19040000	19042000
27	19	0.1	0.1	19090000	19092000
18	26	0.1	0.1	19150000	19152000
31	31	0.1	0.1	19280000	19282000
30	30	0.1	0.1	19320000	19322000
23	31	0.1	0.1	19350000	19352000
29	29	0.1	0.1	19380000	19382000
28	29	0.1	0.1	19450000	19452000
30	30	0.1	0.1	19510000	19512000
27	27	0.1	0.1	19640000	19642000
26	26	0.1	0.1	19680000	19682000
25	27	0.1	0.1	19690000	19692000
19	19	0.1	0.1	19740000	19742000
27	19	0.1	0.1	19790000	19792000
18	26	0.1	0.1	19850000	19852000
31	31	0.1	0.1	19980000	19982000
30	30	0.1	0.1	20020000	20022000
23	31	0.1	0.1	20050000	20052000
29	29	0.1	0.1	20080000	20082000
28	29	0.1	0.1	20150000	20152000
30	30	0.1	0.1	20210000	20212000
27	27	0.1	0.1	20340000	20342000
26	26	0.1	0.1	20380000	20382000
25	27	0.1	0.1	20390000	20392000
19	19	0.1	0.1	20440000	20442000
27	19	0.1	0.1	20490000	20492000
18	26	0.1	0.1	20550000	20552000
31	31	0.1	0.1	20680000	20682000
30	30	0.1	0.1	20720000	20722000
23	31	0.1	0.1	20750000	20752000
29	29	0.1	0.1	20780000	20782000
28	29	0.1	0.1	20850000	20852000
30	30	0.1	0.1	20910000	20912000
27	27	0.1	0.1	21040000	21042000
26	26	0.1	0.1	21080000	21082000
25	27	0.1	0.1	21090000	21092000
19	19	0.1	0.1	21140000	21142000
27	19	0.1	0.1	21190000	21192000
18	26	0.1	0.1	21250000	21252000
31	31	0.1	0.1	21380000	21382000
30	30	0.1	0.1	21420000	21422000
23	31	0.1	0.1	21450000	21452000
29	29	0.1	0.1	21480000	21482000
28	29	0.1	0.1	21550000	21552000
30	30	0.1	0.1	21610000	21612000
27	27	0.1	0.1	21740000	21742000
26	26	0.1	0.1	21780000	21782000
25	27	0.1	0.1	21790000	21792000
19	19	0.1	0.1	21840000	21842000
27	19	0.1	0.1	21890000	21892000
18	26	0.1	0.1	21950000	21952000
31	31	0.1	0.1	22080000	22082000
30	30	0.1	0.1	22120000	22122000
23	31	0.1	0.1	22150000	22152000
29	29	0.1	0.1	22180000	22182000
28	29	0.1	0.1	22250000	22252000
30	30	0.1	0.1	22310000	22312000
27	27	0.1	0.1	22440000	22442000
26	26	0.1	0.1	22480000	22482000
25	27	0.1	0.1	22490000	22492000
19	19	0.1	0.1	22540000	22542000
27	19	0.1	0.1	22590000	22592000
18	26	0.1	0.1	22650000	22652000
31	31	0.1	0.1	22780000	22782000
30	30	0.1	0.1	22820000	22822000
23	31	0.1	0.1	22850000	22852000
29	29	0.1	0.1	22880000	22882000
28	29	0.1	0.1	22950000	22952000
30	30	0.1	0.1	23010000	23012000
27	27	0.1	0.1	23140000	23142000
26	26	0.1	0.1	23180000	23182000
25	27	0.1	0.1	23190000	23192000
19	19	0.1	0.1	23240000	23242000
27	19	0.1	0.1	23290000	23292000
18	26	0.1	0.1	23350000	23352000
31	31	0.1	0.1	23480000	23482000
30	30	0.1	0.1	23520000	23522000
23	31	0.1	0.1	23550000	23552000
29	29	0.1	0.1	23580000	23582000
28	29	0.1	0.1	23650000	23652000
30	30	0.1	0.1	23710000	23712000
27	27	0.1	0.1	23840000	23842000
26	26	0.1	0.1	23880000	23882000
25	27	0.1	0.1	23890000	23892000
19	19	0.1	0.1	23940000	23942000
27	19	0.1	0.1	23990000	23992000
18	26	0.1	0.1	24050000	24052000
31	31	0.1	0.1	24180000	24182000
30	30	0.1	0.1	24220000	24222000
23	31	0.1	0.1	24250000	24252000
29	29	0.1	0.1	24280000	24282000
28	29	0.1	0.1	24350000	24352000
30	30	0.1	0.1	24410000	24412000
27	27	0.1	0.1	24540000	24542000
26	26	0.1	0.1	24580000	24582000
25	27	0.1	0.1	24590000	24592000
19	19	0.1	0.1	24640000	24642000
27	19	0.1	0.1	24690000	24692000
18	26	0.1	0.1	24750000	24752000
31	31	0.1	0.1	24880000	24882000
30	30	0.1	0.1	24920000	24922000
23	31	0.1	0.1	24950000	24952000
29	29	0.1	0.1	24980000	24982000
28	29	0.1	0.1	25050000	25052000
30	30	0.1	0.1	25110000	25112000
27	27	0.1	0.1	25240000	25242000
26	26	0.1	0.1	25280000	25282000
25	27	0.1	0.1	25290000	25292000
19	19	0.1	0.1	25340000	25342000
27	19	0.1	0.1	25390000	25392000
18	26	0.1	0.1	25450000	25452000
31	31	0.1	0.1	25580000	25582000
30	30	0.1	0.1	25620000	25622000
23	31	0.1	0.1	25650000	25652000
29	29	0.1	0.1	25680000	25682000
28	29	0.1	0.1	25750000	25752000
30	30	0.1	0.1	25810000	25812000
27	27	0.1	0.1	25940000	25942000
26	26	0.1	0.1	25980000	25982000
25	27	0.1	0.1	25990000	25992000
19	19	0.1	0.1	26040000	26042000
27	19	0.1	0.1	26090000	26092000
18	26	0.1	0.1	26150000	26152000
31	31	0.1	0.1	26280000	26282000
30	30	0.1	0.1	26320000	26322000
23	31	0.1	0.1	26350000	26352000
29	29	0.1	0.1	26380000	26382000
28	29	0.1	0.1	26450000	26452000
30	30	0.1	0.1	26510000	26512000
27	27	0.1	0.1	26640000	26642000
26	26	0.1	0.1	26680000	26682000
25	27	0.1	0.1	26690000	26692000
19	19	0.1	0.1	26740000	26742000
27	19	0.1	0.1	26790000	26792000
18	26	0.1	0.1	26850000	26852000
31	31	0.1	0.1	26980000	26982000
30	30	0.1	0.1	27020000	27022000
23	31	0.1	0.1	27050000	27052000
29	29	0.1	0.1	27080000	27082000
28	29	0.1	0.1	27150000	27152000
30	30	0.1	0.1	27210000	27212000
27	27	0.1	0.1	27340000	27342000
26	26	0.1	0.1	27380000	27382000
25	27	0.1	0.1	27390000	27392000
19	19	0.1	0.1	27440000	27442000
27	19	0.1	0.1	27490000	27492000
18	26	0.1	0.1	27550000	27552000
31	31	0.1	0.1	27680000	27682000
30	30	0.1	0.1	27720000	27722000
23	31	0.1	0.1	27750000	27752000
29	29	0.1	0.1	27780000	27782000
28	29	0.1	0.1	27850000	27852000
30	30	0.1	0.1	27910000	27912000
27	27	0.1	0.1	28040000	28042000
26	26	0.1	0.1	28080000	28082000
25	27	0.1	0.1	28090000	28092000
19	19	0.1	0.1	28140000	28142000
27	19	0.1	0.1	28190000	28192000
18	26	0.1	0.1	28250000	28252000
31	31	0.1	0.1	28380000	28382000
30	30	0.1	0.1	28420000	28422000
23	31	0.1	0.1	28450000	28452000
29	29	0.1	0.1	28480000	28482000
28	29	0.1	0.1	28550000	28552000
30	30	0.1	0.1	28610000	28612000
27	27	0.1	0.1	28740000	28742000
26	26	0.1	0.1	28780000	28782000
25	27	0.1	0.1	28790000	28792000
19	19	0.1	0.1	28840000	28842000
27	19	0.1	0.1	28890000	28892000
18	26	0.1	0.1	28950000	28952000
31	31	0.1	0.1	29080000	29082000
30	30	0.1	0.1	29120000	29122000
23	31	0.1	0.1	29150000	29152000
29	29	0.1	0.1	29180000	29182000
28	29	0.1	0.1	29250000	29252000
30	30	0.1	0.1	29310000	29312000
27	27	0.1	0.1	29440000	29442000
26	26	0.1	0.1	29480000	29482000
25	27	0.1	0.1	29490000	29492000
19	19	0.1	0.1	29540000	29542000
27	19	0.1	0.1	29590000	29592000
18	26	0.1	0.1	29650000	29652000
31	31	0.1	0.1	29780000	29782000
30	30	0.1	0.1	29820000	29822000
23	31	0.1	0.1	29850000	29852000
29	29	0.1	0.1	29880000	29882000
28	29	0.1	0.1	29950000	29952000
30	30	0.1	0.1	30010000	30012000
27	27	0.1	0.1	30140000	30142000
26	26	0.1	0.1	30180000	30182000
25	27	0.1	0.1	30190000	30192000
19	19	0.1	0.1	30240000	30242000
27	19	0.1	0.1	30290000	30292000
18	26	0.1	0.1	30350000	30352000
31	31	0.1	0.1	30480000	30482000
30	30	0.1	0.1	30520000	30522000
23	31	0.1	0.1	30550000	30552000
29	29	0.1	0.1	30580000	30582000
28	29	0.1	0.1	30650000	30652000
30	30	0.1	0.1	30710000	30712000
27	27	0.1	0.1	30840000	30842000
26	26	0.1	0.1	30880000	30882000
25	27	0.1	0.1	30890000	30892000
19	19	0.1	0.1	30940000	30942000
27	19	0.1	0.1	30990000	30992000
18	26	0.1	0.1	31050000	31052000
31	31	0.1	0.1	31180000	31182000
30	30	0.1	0.1	31220000	31222000
23	31	0.1	0.1	31250000	31252000
29	29	0.1	0.1	31280000	31282000
28	29	0.1	0.1	31350000	31352000
30	30	0.1	0.1	31410000	31412000
27	27	0.1	0.1	31540000	31542000
26	26	0.1	0.1	31580000	31582000
25	27	0.1	0.1	31590000	31592000
19	19	0.1	0.1	31640000	31642000
27	19	0.1	0.1	31690000	31692000
18	26	0.1	0.1	31750000	31752000
31	31	0.1	0.1	31880000	31882000
30	30	0.1	0.1	31920000	31922000
23	31	0.1	0.1	31950000	31952000
29	29	0.1	0.1	31980000	31982000
28	29	0.1	0.1	32050000	32052000
30	30	0.1	0.1	32110000	32112000
27	27	0.1	0.1	32240000	32242000
26	26	0.1	0.1	32280000	32282000
25	27	0.1	0.1	32290000	32292000
19	19	0.1	0.1	32340000	32342000
27	19	0.1	0.1	32390000	32392000
18	26	0.1	0.1	32450000	32452000
31	31	0.1	0.1	32580000	32582000
30	30	0.1	0.1	32620000	32622000
23	31	0.1	0.1	32650000	32652000
29	29	0.1	0.1	32680000	32682000
28	29	0.1	0.1	32750000	32752000
30	30	0.1	0.1	32810000	32812000
27	27	0.1	0.1	32940000	32942000
26	26	0.1	0.1	32980000	32982000
25	27	0.1	0.1	32990000	32992000
19	19	0.1	0.1	33040000	33042000
27	19	0.1	0.1	33090000	33092000
18	26	0.1	0.1	33150000	33152000
31	31	0.1	0.1	33280000	33282000
30	30	0.1	0.1	33320000	33322000
23	31	0.1	0.1	33350000	33352000
29	29	0.1	0.1	33380000	33382000
28	29	0.1	0.1	33450000	33452000
30	30	0.1	0.1	33510000	33512000
27	27	0.1	0.1	33640000	33642000
26	26	0.1	0.1	33680000	33682000
25	27	0.1	0.1	33690000	33692000
19	19	0.1	0.1	33740000	33742000
27	19	0.1	0.1	33790000	33792000
18	26	0.1	0.1	33850000	33852000
31	31	0.1	0.1	33980000	33982000
30	30	0.1	0.1	34020000	34022000
23	31	0.1	0.1	34050000	34052000
29	29	0.1	0.1	34080000	34082000
28	29	0.1	0.1	34150000	34152000
30	30	0.1	0.1	34210000	34212000
27	27	0.1	0.1	34340000	34342000
26	26	0.1	0.1	34380000	34382000
25	27	0.1	0.1	34390000	34392000
19	19	0.1	0.1	34440000	34442000
27	19	0.1	0.1	34490000	34492000
18	26	0.1	0.1	34550000	34552000
31	31	0.1	0.1	34680000	34682000
30	30	0.1	0.1	34720000	34722000
23	31	0.1	0.1	34750000	34752000
29	29	0.1	0.1	34780000	34782000
28	29	0.1	0.1	34850000	34852000
30	30	0.1	0.1	34910000	34912000
27	27	0.1	0.1	35040000	35042000
26	26	0.1	0.1	35080000	35082000
25	27	0.1	0.1	35090000	35092000
19	19	0.1	0.1	35140000	35142000
27	19	0.1	0.1	35190000	35192000
18	26	0.1	0.1	35250000	35252000
31	31	0.1	0.1	35380000	35382000
30	30	0.1	0.1	35420000	35422000
23	31	0.1	0.1	35450000	35452000
29	29	0.1	0.1	35480000	35482000
28	29	0.1	0.1	35550000	35552000
30	30	0.1	0.1	35610000	35612000
27	27	0.1	0.1	35740000	35742000
26	26	0.1	0.1	35780000	35782000
25	27	0.1	0.1	35790000	35792000
19	19	0.1	0.1	35840000	35842000
27	19	0.1	0.1	35890000	35892000
18	26	0.1	0.1	35950000	35952000
31	31	0.1	0.1	36080000	36082000
30	30	0.1	0.1	36120000	36122000
23	31	0.1	0.1	36150000	36152000
29	29	0.1	0.1	36180000	36182000
28	29	0.1	0.1	36250000	36252000
30	30	0.1	0.1	36310000	36312000
27	27	0.1	0.1	36440000	36442000
26	26	0.1	0.1	36480000	36482000
25	27	0.1	0.1	36490000	36492000
19	19	0.1	0.1	36540000	36542000
27	19	0.1	0.1	36590000	36592000
18	26	0.1	0.1	36650000	36652000
31	31	0.1	0.1	36780000	36782000
30	30	0.1	0.1	36820000	36822000
23	31	0.1	0.1	36850000	36852000
29	29	0.1	0.1	36880000	36882000
28	29	0.1	0.1	36950000	36952000
30	30	0.1	0.1	37010000	37012000
27	27	0.1	0.1	37140000	37142000
26	26	0.1	0.1	37180000	37182000
25	27	0.1	0.1	37190000	37192000
19	19	0.1	0.1	37240000	37242000
27	19	0.1	0.1	37290000	37292000
18	26	0.1	0.1	37350000	37352000
31	31	0.1	0.1	37480000	37482000
30	30	0.1	0.1	37520000	37522000
23	31	0.1	0.1	37550000	37552000
29	29	0.1	0.1	37580000	37582000
28	29	0.1	0.1	37650000	37652000
30	30	0.1	0.1	37710000	37712000
27	27	0.1	0.1	37840000	37842000
26	26	0.1	0.1	37880000	37882000
25	27	0.1	0.1	37890000	37892000
19	19	0.1	0.1	37940000	37942000
27	19	0.1	0.1	37990000	37992000
18	26	0.1	0.1	38050000	38052000
31	31	0.1	0.1	38180000	38182000
30	30	0.1	0.1	38220000	38222000
23	31	0.1	0.1	38250000	38252000
29	29	0.1	0.1	38280000	38282000
28	29	0.1	0.1	38350000	38352000
30	30	0.1	0.1	38410000	38412000
27	27	0.1	0.1	38540000	38542000
26	26	0.1	0.1	38580000	38582000
25	27	0.1	0.1	38590000	38592000
19	19	0.1	0.1	38640000	38642000
27	19	0.1	0.1	38690000	38692000
18	26	0.1	0.1	38750000	38752000
31	31	0.1	0.1	38880000	38882000
30	30	0.1	0.1	38920000	38922000
23	31	0.1	0.1	38950000	38952000
29	29	0.1	0.1	38980000	38982000
28	29	0.1	0.1	39050000	39052000
30	30	0.1	0.1	39110000	39112000
27	27	0.1	0.1	39240000	39242000
26	26	0.1	0.1	39280000	39282000
25	27	0.1	0.1	39290000	39292000
19	19	0.1	0.1	39340000	39342000
27	19	0.1	0.1	39390000	39392000
18	26	0.1	0.1	39450000	39452000
31	31	0.1	0.1	39580000	39582000
30	30	0.1	0.1	39620000	39622000
23	31	0.1	0.1	39650000	39652000
29	29	0.1	0.1	39680000	39682000
28	29	0.1	0.1	39750000	39752000
30	30	0.1	0.1	39810000	39812000
27	27	0.1	0.1	39940000	39942000
26	26	0.1	0.1	39980000	39982000
25	27	0.1	0.1	39990000	39992000
19	19	0.1	0.1	40040000	40042000
27	19	0.1	0.1	40090000	40092000
18	26	0.1	0.1	40150000	40152000
31	31	0.1	0.1	40280000	40282000
30	30	0.1	0.1	40320000	40322000
23	31	0.1	0.1	40350000	40352000
29	29	0.1	0.1	40380000	40382000
28	29	0.1	0.1	40450000	40452000
30	30	0.1	0.1	40510000	40512000
27	27	0.1	0.1	40640000	40642000
26	26	0.1	0.1	40680000	40682000
25	27	0.1	0.1	40690000	40692000
19	19	0.1	0.1	40740000	40742000
27	19	0.1	0.1	40790000	40792000
18	26	0.1	0.1	40850000	40852000
31	31	0.1	0.1	40980000	40982000
30	30	0.1	0.1	41020000	41022000
23	31	0.1	0.1	41050000	41052000
29	29	0.1	0.1	41080000	41082000
28	29	0.1	0.1	41150000	41152000
30	30	0.1	0.1	41210000	41212000
27	27	0.1	0.1	41340000	41342000
26	26	0.1	0.1	41380000	41382000
25	27	0.1	0.1	41390000	41392000
19	19	0.1	0.1	41440000	41442000
27	19	0.1	0.1	41490000	41492000
18	26	0.1	0.1	41550000	41552000
31	31	0.1	0.1	41680000	41682000
30	30	0.1	0.1	41720000	41722000
23	31	0.1	0.1	41750000	41752000
29	29	0.1	0.1	41780000	41782000
28	29	0.1	0.1	41850000	41852000
30	30	0.1	0.1	41910000	41912000
27	27	0.1	0.1	42040000	42042000
26	26	0.1	0.1	42080000	42082000
25	27	0.1	0.1	42090000	42092000
19	19	0.1	0.1	42140000	42142000
27	19	0.1	0.1	42190000	42192000
18	26	0.1	0.1	42250000	42252000
31	31	0.1	0.1	42380000	42382000
30	30	0.1	0.1	42420000	42422000
23	31	0.1	0.1	42450000	42452000
29	29	0.1	0.1	42480000	42482000
28	29	0.1	0.1	42550000	42552000
30	30	0.1	0.1	42610000	42612000
27	27	0.1	0.1	42740000	42742000
26	26	0.1	0.1	42780000	42782000
25	27	0.1	0.1	42790000	42792000
19	19	0.1	0.1	42840000	42842000
27	19	0.1	0.1	42890000	42892000
18	26	0.1	0.1	42950000	42952000
31	31	0.1	0.1	43080000	43082000
30	30	0.1	0.1	43120000	43122000
23	31	0.1	0.1	43150000	43152000
29	29	0.1	0.1	43180000	43182000
28	29	0.1	0.1	43250000	43252000
30	30	0.1	0.1	43310000	43312000
27	27	0.1	0.1	43440000	43442000
26	26	0.1	0.1	43480000	43482000
25	27	0.1	0.1	43490000	43492000
19	19	0.1	0.1	43540000	43542000
27	19	0.1	0.1	43590000	43592000
18	26	0.1	0.1	43650000	43652000
31	31	0.1	0.1	43780000	43782000
30	30	0.1	0.1	43820000	43822000
23	31	0.1	0.1	43850000	43852000
29	29	0.1	0.1	43880000	43882000
28	29	0.1	0.1	43950000	43952000
30	30	0.1	0.1	44010000	44012000
27	27	0.1	0.1	44140000	44142000
26	26	0.1	0.1	44180000	44182000
25	27	0.1	0.1	44190000	44192000
19	19	0.1	0.1	44240000	44242000
27	19	0.1	0.1	44290000	44292000
18	26	0.1	0.1	44350000	44352000
31	31	0.1	0.1	44480000	44482000
30	30	0.1	0.1	44520000	44522000
23	31	0.1	0.1	44550000	44552000
29	29	0.1	0.1	44580000	44582000
28	29	0.1	0.1	44650000	44652000
30	30	0.1	0.1	44710000	44712000
27	27	0.1	0.1	44840000	44842000
26	26	0.1	0.1	44880000	44882000
25	27	0.1	0.1	44890000	44892000
19	19	0.1	0.1	44940000	44942000
27	19	0.1	0.1	44990000	44992000
18	26	0.1	0.1	45050000	45052000
31	31	0.1	0.1	45180000	45182000
30	30	0.1	0.1	45220000	45222000
23	31	0.1	0.1	45250000	45252000
29	29	0.1	0.1	45280000	45282000
28	29	0.1	0.1	45350000	45352000
30	30	0.1	0.1	45410000	45412000
27	27	0.1	0.1	45540000	45542000
26	26	0.1	0.1	45580000	45582000
25	27	0.1	0.1	45590000	45592000
19	19	0.1	0.1	45640000	45642000
27	19	0.1	0.1	45690000	45692000
18	26	0.1	0.1	45750000	45752000
31	31	0.1	0.1	45880000	45882000
30	30	0.1	0.1	45920000	45922000
23	31	0.1	0.1	45950000	45952000
29	29	0.1	0.1	45980000	45982000
28	29	0.1	0.1	46050000	46052000
30	30	0.1	0.1	46110000	46112000
27	27	0.1	0.1	46240000	46242000
26	26	0.1	0.1	46280000	46282000
25	27	0.1	0.1	46290000	46292000
19	19	0.1	0.1	46340000	46342000
27	19	0.1	0.1	46390000	46392000
18	26	0.1	0.1	46450000	46452000
31	31	0.1	0.1	46580000	46582000
30	30	0.1	0.1	46620000	46622000
23	31	0.1	0.1	46650000	46652000
29	29	0.1	0.1	46680000	46682000
28	29	0.1	0.1	46750000	46752000
30	30	0.1	0.1	46810000	46812000
27	27	0.1	0.1	46940000	46942000
26	26	0.1	0.1	46980000	46982000
25	27	0.1	0.1	46990000	46992000
19	19	0.1	0.1	47040000	47042000
27	19	0.1	0.1	47090000	47092000
18	26	0.1	0.1	47150000	47152000
31	31	0.1	0.1	47280000	47282000
30	30	0.1	0.1	47320000	47322000
23	31	0.1	0.1	47350000	47352000
29	29	0.1	0.1	47380000	47382000
28	29	0.1	0.1	47450000	47452000
30	30	0.1	0.1	47510000	47512000
27	27	0.1	0.1	47640000	47642000
26	26	0.1	0.1	47680000	47682000
25	27	0.1	0.1	47690000	47692000
19	19	0.1	0.1	47740000	47742000
27	19	0.1	0.1	47790000	47792000
18	26	0.1	0.1	47850000	47852000
31	31	0.1	0.1	47980000	47982000
30	30	0.1	0.1	48020000	48022000
23	31	0.1	0.1	48050000	48052000
29	29	0.1	0.1	48080000	48082000
28	29	0.1	0.1	48150000	48152000
30	30	0.1	0.1	48210000	48212000
27	27	0.1	0.1	48340000	48342000
26	26	0.1	0.1	48380000	48382000
25	27	0.1	0.1	48390000	48392000
19	19	0.1	0.1	48440000	48442000
27	19	0.1	0.1	48490000	48492000
18	26	0.1	0.1	48550000	48552000
31	31	0.1	0.1	48680000	48682000
30	30	0.1	0.1	48720000	48722000
23	31	0.1	0.1	48750000	48752000
29	29	0.1	0.1	48780000	48782000
28	29	0.1	0.1	48850000	48852000
30	30	0.1	0.1	48910000	48912000
27	27	0.1	0.1	49040000	49042000
26	26	0.1	0.1	49080000	49082000
25	27	0.1	0.1	49090000	49092000
19	19	0.1	0.1	49140000	49142000
27	19	0.1	0.1	49190000	49192000
18	26	0.1	0.1	49250000	49252000
31	31	0.1	0.1	49380000	49382000
30	30	0.1	0.1	49420000	49422000
23	31	0.1	0.1	49450000	49452000
29	29	0.1	0.1	49480000	49482000
28	29	0.1	0.1	49550000	49552000
30	30	0.1	0.1	49610000	49612000
27	27	0.1	0.1	49740000	49742000
26	26	0.1	0.1	49780000	49782000
25	27	0.1	0.1	49790000	49792000
19	19	0.1	0.1	49840000	49842000
27	19	0.1	0.1	49890000	49892000
18	26	0.1	0.1	49950000	49952000